Frequência Cardíaca, [59, 66, 167, 82, 144, 92, 73, 58, 76, 70], bpm
Pressão Arterial Sistólica, [113, 104, 129, 122, 127, 130, 131, 129, 102, 128], mmHg
Pressão Arterial Diastólica, [72, 90, 78, 69, 69, 74, 78, 81, 67, 89], mmHg
Taxa Respiratória, [11, 15, 12, 10, 11, 16, 15, 14, 11, 16], resp/min
Temperatura Corporal, [37.34, 35.03, 37.06, 39.01, 36.85, 36.6, 38.42, 37.4, 36.65, 36.92], C
Saturação de Oxigênio no Sangue, [96.43, 95.65, 98.8, 96.6, 95.78, 97.06, 96.04, 95.86, 95.16, 96.41], SpO2%
Glicemia, [82.26, 102.25, 74.54, 77.77, 79.66, 99.75, 96.68, 100.65, 97.84, 100.72], mg/dL
Taxa de Sudorese, [1.75, 0.54, 1.7, 1.74, 1.55, 0.15, 0.64, 1.54, 1.6, 1.4], L/h
Dilatação Pupilar, [4.16, 2.26, 5.56, 4.5, 4.84, 5.2, 5.86, 4.43, 5.06, 3.69], mm
Capacidade Pulmonar, [4.68, 5.32, 3.36, 5.02, 4.62, 5.31, 5.88, 4.77, 4.59, 4.96], L
Hemoglobina, [14.2, 15.8, 15.1, 13.7, 14.4, 16.5, 15.3, 15.9, 14.0, 13.4], g/dL
Hematócrito, [41.8, 47.5, 44.3, 38.7, 41.2, 49.8, 43.6, 46.9, 40.5, 37.9], %
Leucocitos, [5.6, 9.7, 6.1, 11.2, 4.5, 7.8, 5.9, 8.2, 12.9, 3.8], x10^9/L
Eritrocitos, [3.9, 4.2, 4.9, 4.5, 4.4, 4.8, 5.1, 3.7, 4.1, 4.6], mill/mm^3
Albumina, [4.2, 4.7, 4.5, 4.0, 4.3, 4.8, 4.6, 4.4, 4.1, 3.8], g/dL
Bilirrubina, [0.8, 1.1, 0.9, 0.7, 0.8, 1.2, 1.0, 1.1, 0.7, 0.6], mg/dL
Fosfatase alcalina, [78.4, 92.7, 85.1, 69.8, 75.5, 97.2, 83.9, 90.6, 72.3, 64.7], U/L
Ácido Úrico, [4.2, 5.8, 4.9, 3.7, 4.5, 6.1, 5.3, 5.6, 4.0, 3.8], mg/dL
Colesterol (Total), [180, 220, 165, 150, 175, 230, 190, 210, 160, 145], mg/dL
Densidade Mineral Óssea, [1.05, 1.20, 0.98, 0.85, 1.02, 1.25, 1.08, 1.17, 0.92, 0.80], g/cm^2
